{
 "cells": [
  {
   "cell_type": "code",
   "execution_count": 2,
   "metadata": {},
   "outputs": [
    {
     "data": {
      "text/plain": [
       "'\\n@Project 1\\n@author: Tarik Brahim, Sion Chun, Thu Pham, Issa Abdul Rahman, Karim Yacoub\\n@Description: This module finds the eigenvalues of a matrix given the variance\\n@Created on Sep 20, 2018\\n'"
      ]
     },
     "execution_count": 2,
     "metadata": {},
     "output_type": "execute_result"
    }
   ],
   "source": [
    "'''\n",
    "@Project 1\n",
    "@author: Tarik Brahim, Sion Chun, Thu Pham, Issa Abdul Rahman, Karim Yacoub\n",
    "@Description: This module finds the eigenvalues of a matrix given the variance\n",
    "@Created on Sep 20, 2018\n",
    "'''"
   ]
  },
  {
   "cell_type": "code",
   "execution_count": 17,
   "metadata": {
    "collapsed": true
   },
   "outputs": [],
   "source": [
    "import numpy as np\n",
    "import sys\n",
    "import time\n",
    "\n",
    "'''class NoConvergence(Error):\n",
    "   Raised when power method does not converge.\n",
    "   sys.exit(\"Power method did not converge.\")'''\n",
    "\n",
    "def inputfile(filename):\n",
    "    '''Reads the input file'''\n",
    "\n",
    "    try:\n",
    "        f = open(filename, 'r')\n",
    "    except IOError:\n",
    "        print (\"Cannot open file \\'{0}\\'\\n\".format(filename))\n",
    "        sys.exit(\"bye\")\n",
    "\n",
    "    # read data\n",
    "    data = f.readlines()\n",
    "    f.close()\n",
    "\n",
    "    # Parse first line\n",
    "    line0 = data[0].split()\n",
    "    if len(line0) == 0:\n",
    "        sys.exit('Empty first line.')\n",
    "\n",
    "\n",
    "    if filename == 'russell_cov.txt':\n",
    "        n = int(line0[1])\n",
    "        matrix = np.zeros((n,n))\n",
    "        line1 = data[1].split()\n",
    "        #should check that line1[0] is the string 'matrix'\n",
    "        for i in range(n):\n",
    "            theline = data[i+2].split()\n",
    "            for j in range(n):\n",
    "                valueij = float(theline[j])\n",
    "                matrix[i][j] = valueij\n",
    "\n",
    "    elif filename == 'missing.dat':\n",
    "        n = int(line0[1])\n",
    "        print (\"n = \", n)\n",
    "        m = int(line0[3])\n",
    "        print(\"m = \", m)\n",
    "        matrix = np.zeros((n,m))\n",
    "        for i in range(n):\n",
    "            theline = data[i+1].split()\n",
    "            for j in range(m):\n",
    "                if theline[j] == 'NA':\n",
    "                    valueij = float(-1)\n",
    "                else:\n",
    "                    valueij = float(theline[j])\n",
    "                matrix[i][j] = valueij\n",
    "    return matrix, n\n",
    "\n",
    "def returns(matrix):\n",
    "    returns = np.zeros((matrix.shape))\n",
    "    for i in range(n):\n",
    "        for j in range(m):\n",
    "            if j == 0:\n",
    "                returns[i][j] = 0\n",
    "            else:\n",
    "                returns[i][j] = (matrix[i][j] - matrix[i][j-1]) / matrix[i][j-1]\n",
    "\n",
    "def fillmissing(matrix):\n",
    "    n = matrix.shape[0]\n",
    "    m = matrix.shape[1]\n",
    "    for i in range(n):\n",
    "        for j in range(m):\n",
    "            if matrix[i][j] == -1:\n",
    "                if j == 0:\n",
    "                    next_val = 0\n",
    "                    for k in range(j+1, m):\n",
    "                        if matrix[i][k] != -1:\n",
    "                            next_val = matrix[i][k]\n",
    "                            break\n",
    "                    matrix[i][j] = next_val\n",
    "                elif j == m-1:\n",
    "                    matrix[i][j] = matrix[i][j-1]\n",
    "                else:\n",
    "                    next_val = 0\n",
    "                    for k in range(j+1, m):\n",
    "                        if matrix[i][k] != -1:\n",
    "                            next_val = matrix[i][k]\n",
    "                            break\n",
    "                    matrix[i][j] = (matrix[i][j-1] + next_val) / 2\n",
    "    return matrix\n",
    "\n",
    "def runpower(M,n,w):\n",
    "    '''Runs the power method with normalization.'''\n",
    "    T = 10000 #number of iterations\n",
    "    tol = 1e-06\n",
    "    convergence = False\n",
    "    oldnormw = 0\n",
    "    for t in range(T):\n",
    "        normw = np.linalg.norm(M@w)\n",
    "        w = M@w/normw\n",
    "\n",
    "        #convergence\n",
    "        if np.abs(normw - oldnormw)/normw < tol:\n",
    "            convergence = True\n",
    "            break\n",
    "        oldnormw = normw\n",
    "    #if convergence == False:\n",
    "    #    raise NoConvergence\n",
    "\n",
    "    #Calculate eigen value using Raleigh quotient\n",
    "    eig = (w.T@M@w)/(w.T@w)\n",
    "    return eig, np.ravel(w)"
   ]
  },
  {
   "cell_type": "code",
   "execution_count": null,
   "metadata": {
    "collapsed": true
   },
   "outputs": [],
   "source": [
    "# Question 1\n",
    "M, n = inputfile('russell_cov.txt')\n",
    "\n",
    "start = time.clock()\n",
    "eigv1, eig1 = eigen(M,n,0.5,runpower)\n",
    "end = time.clock()\n",
    "print('Question 1 eigenvector:\\n{0}'.format(eigv1))\n",
    "print('Question 1 eigenvalues:{0}'.format(eig1))\n",
    "\n",
    "p1time = end-start\n",
    "print ('Time: {}s. Number of eigenvalues:{}'.format(p1time,len(eig1)))\n",
    "\n",
    "\n",
    "#Check eigen values with numpy function\n",
    "npeig1,npeigv1 = np.linalg.eigh(M)\n",
    "\n",
    "\n",
    "# Question 2\n",
    "M, n = inputfile('missing.dat')\n",
    "M = fillmissing(M)\n",
    "cov = np.cov(M)\n",
    "start = time.clock()\n",
    "eigv2, eig2 = eigen(cov,cov.shape[0],0.5,runpower)\n",
    "end = time.clock()\n",
    "print('eigenvalues: ', eig)\n",
    "#print('eigenvector: ', eigv)\n",
    "\n",
    "p2time = end-start\n",
    "print ('Question 2 time: {}s. Number of eigenvalues:{}'.format(p2time,len(eig2)))\n",
    "print('Question 2 eigenvalues:{0}'.format(eig1)) #Q2 eig\n",
    "\n",
    "\n",
    "# Question 3\n",
    "eig3 = {}\n",
    "days = [2,50,100,200,250,300,400,450,504]\n",
    "for i in days:\n",
    "    cov = np.cov(M[:,0:i])\n",
    "    eigv_tmp,eig[i] = eigen(cov,cov.shape[0],0.7,runpower)\n",
    "for j in eig3:\n",
    "    print('Days: {0}, Eigenvalues:{1}'.format(j,eig[j]))\n",
    "\n",
    "#Question 4\n",
    "start = time.clock()\n",
    "eigv4, eig4 = eigen(cov,n,0.3,runpower2)\n",
    "end = time.clock()\n",
    "print('eigenvalues: ', eig4)\n",
    "p2time = end-start\n",
    "print ('Extra credit time: {}s. Number of eigenvalues:{}'.format(p2time,len(eig4)))"
   ]
  },
  {
   "cell_type": "code",
   "execution_count": 48,
   "metadata": {
    "collapsed": true
   },
   "outputs": [],
   "source": [
    "def runpower2(M,n,w):\n",
    "    '''Runs the power method with no normalization and k is a power of 2.'''\n",
    "    T = 10000 #number of iterations\n",
    "    tol = 1e-06\n",
    "    convergence = False\n",
    "    oldnormw = np.linalg.norm(w/w[0])\n",
    "    for t in range(10):\n",
    "        w = np.linalg.matrix_power(M,2**(t))@w\n",
    "        normw = np.linalg.norm(w/w[0])\n",
    "        #convergence\n",
    "        if np.abs(normw - oldnormw)/normw < tol:\n",
    "            convergence = True\n",
    "            #print('Convergence')\n",
    "            break\n",
    "        oldnormw = normw\n",
    "    #if convergence == False:\n",
    "    #    raise NoConvergence\n",
    "\n",
    "    #Calculate eigen value using Raleigh quotient\n",
    "    w=w/w[0]\n",
    "    #print((M@w)[0])\n",
    "    eig = (w.T@M@w)/(w.T@w)\n",
    "    print('eig',eig)\n",
    "    #print(eig*w[0])\n",
    "    #print(w[0:10])\n",
    "    return eig, np.ravel(w)\n",
    "\n",
    "def eigen(M, n, tol, power):\n",
    "    vector = np.zeros((M.shape[1],100000))\n",
    "    eig = np.zeros(100000)\n",
    "    w0 = np.random.rand(n)\n",
    "    eig[0], vector[:,0] = power(M,n,w0)\n",
    "    print('eig',eig[0])\n",
    "    i = 0\n",
    "    while (eig[i]/eig[0] >= tol):\n",
    "        M= M - eig[i]*vector[:,i].reshape(-1,1)@np.array([vector[:,i]])\n",
    "        print(M[0:10,0:10])\n",
    "        w = np.random.rand(n)\n",
    "        w0 = w.reshape(-1,1) - np.array([vector[:,i]])@w.reshape(-1,1)*vector[:,i].reshape(-1,1)\n",
    "        eig[i+1], vector[:,i+1] = power(M,n,w0)\n",
    "        i = i+1\n",
    "\n",
    "    return vector[:,0:i+1], eig[0:i+1]"
   ]
  },
  {
   "cell_type": "code",
   "execution_count": 6,
   "metadata": {},
   "outputs": [
    {
     "name": "stdout",
     "output_type": "stream",
     "text": [
      "[ 0.08317999  0.0217734 ]\n"
     ]
    }
   ],
   "source": [
    "M, n = inputfile('russell_cov.txt')\n",
    "\n",
    "eigv1, eig1 = eigen(M,n,0.5,runpower)\n",
    "print(eig1)"
   ]
  },
  {
   "cell_type": "code",
   "execution_count": 49,
   "metadata": {},
   "outputs": [
    {
     "name": "stdout",
     "output_type": "stream",
     "text": [
      "eig 0.0831799933097\n",
      "eig 0.0831799933097\n",
      "[[-0.08296672 -0.08017655 -0.15018187 -0.07619316 -0.07850055 -0.08446521\n",
      "  -0.09945355 -0.09969987 -0.08354201 -0.06344451]\n",
      " [-0.08017655 -0.07747115 -0.14512878 -0.07362657 -0.07585346 -0.08162095\n",
      "  -0.09610665 -0.0963427  -0.0807284  -0.06130751]\n",
      " [-0.15018187 -0.14512878 -0.27016969 -0.13764198 -0.14178793 -0.15260479\n",
      "  -0.17965215 -0.18002909 -0.1509387  -0.11462941]\n",
      " [-0.07619316 -0.07362657 -0.13764198 -0.06980333 -0.07198187 -0.07743708\n",
      "  -0.09117468 -0.09139524 -0.07658424 -0.0581614 ]\n",
      " [-0.07850055 -0.07585346 -0.14178793 -0.07198187 -0.07373567 -0.07978998\n",
      "  -0.09398382 -0.09412615 -0.07891336 -0.05992098]\n",
      " [-0.08446521 -0.08162095 -0.15260479 -0.07743708 -0.07978998 -0.08578657\n",
      "  -0.10105732 -0.10129402 -0.08490657 -0.06447556]\n",
      " [-0.09945355 -0.09610665 -0.17965215 -0.09117468 -0.09398382 -0.10105732\n",
      "  -0.11877402 -0.11921157 -0.0999806  -0.07592851]\n",
      " [-0.09969987 -0.0963427  -0.18002909 -0.09139524 -0.09412615 -0.10129402\n",
      "  -0.11921157 -0.11915391 -0.10019453 -0.07609832]\n",
      " [-0.08354201 -0.0807284  -0.1509387  -0.07658424 -0.07891336 -0.08490657\n",
      "  -0.0999806  -0.10019453 -0.0839199  -0.0637733 ]\n",
      " [-0.06344451 -0.06130751 -0.11462941 -0.0581614  -0.05992098 -0.06447556\n",
      "  -0.07592851 -0.07609832 -0.0637733  -0.0483973 ]]\n",
      "eig [[-107.51084209]]\n",
      "[  8.31799933e-02  -1.07510842e+02]\n"
     ]
    }
   ],
   "source": [
    "eigv2, eig2 = eigen(M,n,0.5,runpower2)\n",
    "print(eig2)"
   ]
  },
  {
   "cell_type": "code",
   "execution_count": null,
   "metadata": {
    "collapsed": true
   },
   "outputs": [],
   "source": []
  }
 ],
 "metadata": {
  "kernelspec": {
   "display_name": "Python 3",
   "language": "python",
   "name": "python3"
  },
  "language_info": {
   "codemirror_mode": {
    "name": "ipython",
    "version": 3
   },
   "file_extension": ".py",
   "mimetype": "text/x-python",
   "name": "python",
   "nbconvert_exporter": "python",
   "pygments_lexer": "ipython3",
   "version": "3.6.3"
  }
 },
 "nbformat": 4,
 "nbformat_minor": 2
}
